515700
159806
515030
159824

159995
159801
159813
512760
512480

515260
515320
159997
159939
512220

159998
512720
515400
512330

515980
159819
515070
512930

159811
515050
159994
515880
515250

516050
515000
159807
515580
515860
515750
515920

515950
159938
512010
159929
512610
512120
159992
515120
512170
159828
515960
512290
159837
510660

159996
512690
515650
512600
159928
515170
515710
159936
159986
510630
510150

512680
512810
512560
512660
512710
512670

515020
512730
512700
515280
512820
512800
515290

513090
159993
515850
512900
515560
512000
512570
512880
515010

515790
516880
159930
159945
516160
510410
515210
515220
159981
159944
159827
159825
159985
510170

159933
512640
159940
159931
510650
515060
512200

159805
512980
512580
515090

512400
159980
518880
159934
159937
518800
159812
518660
518850
518680
518890
518600
518860

511060
511280
159972
511260
511050
511020
511310
159816
159988
159926
511010
511220
511030
511270
511000
511380
511180

515330
515350
515130
515360
515390
515310
515930
510390
159925
515660
510360
510330
159919
515380
510300
510350
510380
510370
510310
159913
512070
512530
515300

515820
515800
515810
515830
515610
515620
512100
515630

159968
159982
512510
510580
159820
510590
159922
515190
512500
510560
515530
510500
515550
510510
510530
159935
510570
510550
159999
510440
159932
515590
515670
159923
512910
512550
512150


510050
510680
510600
510710
510800
510100
510850
510860
510010
510190
510200

510180
510230
510030
510690
510290
510210


159975
159961
159901
159970
159969
159912
159909
159903
159943

159977
159957
159948
159964
159956
159808
159908
159915
159958
159955
159952
159810
159821
159971
159991
159814
159949
159967

588000
588090
588080
588050

513990
513900
513550
159963
159960
513680

512280
515780
512380
515770
512090
512520
512180
512990
512360
512160
512320
512920
515160
512860
512390
515520
515910

512960
159959
512950
515600
159974
515680
515900
510060
510270
515110
515990
515150
159965

512870
159951
515760
512190
159815
512350
159984
159979
159983
159976
512970
159809
159978
512650
515500
159962
512780
510810

512770
159906
159910
512750
159905
515570
515080
515180
515890
510880
515100
515450
510890
512890
512270
512260
512040
515200
159987
159973
159902
159966
510120
159907
159916
510130
515870
510020
510220
515510
510110
510160
159918
510090
510760
515690
159990
511360
512590
159804
159856


159822
513600
513050
159954
159803
513660
159920
510900
159823
513520
513000
513880
159941
513800
513100
513300
513500
513030
513080